# address to addend+multiplicative factor LUT
# maps 12 bits to 18 bits
# 18 bits = (addend<<10) + multiplier)
# addend is signed 8 bits, multiplier is 10 bits
# anything after # is ignored with the exception of the header
# the header is first valid line starting with #<header> versionStr nrBitsAddress nrBitsData </header>
#<header> v1 12 18 </header>
0 512  # compresses ieta bin 0, pt 0
1 33791
2 33791
3 35839
4 34815
5 34815
6 36863
7 35839
8 35839
9 35839
10 33791
11 32767
12 32767
13 31743
14 31743
15 31743
16 31743
17 30719
18 28671
19 28671
20 26623
21 25599
22 24575
23 21503
24 22527
25 19455
26 18431
27 17407
28 14335
29 13311
30 9215
31 8191
32 8191
33 6143
34 2047
35 1019
36 1012
37 992
38 983
39 972
40 965
41 955
42 946
43 940
44 937
45 930
46 928
47 915
48 899
49 890
50 880
51 867
52 859
53 852
54 843
55 834
56 830
57 823
58 818
59 813
60 810
61 805
62 788
63 775
64 512  # compresses ieta bin 1, pt 0
65 32767
66 33791
67 35839
68 34815
69 34815
70 36863
71 35839
72 35839
73 35839
74 33791
75 32767
76 31743
77 31743
78 31743
79 31743
80 31743
81 30719
82 28671
83 28671
84 26623
85 25599
86 24575
87 21503
88 22527
89 19455
90 18431
91 17407
92 14335
93 13311
94 9215
95 8191
96 8191
97 6143
98 2047
99 1019
100 1012
101 992
102 983
103 972
104 968
105 958
106 949
107 940
108 937
109 930
110 928
111 915
112 901
113 892
114 880
115 869
116 859
117 853
118 845
119 835
120 831
121 823
122 819
123 815
124 812
125 806
126 789
127 776
128 512  # compresses ieta bin 2, pt 0
129 33791
130 33791
131 35839
132 35839
133 35839
134 36863
135 36863
136 36863
137 36863
138 33791
139 33791
140 33791
141 32767
142 32767
143 31743
144 32767
145 31743
146 29695
147 29695
148 27647
149 26623
150 25599
151 23551
152 23551
153 21503
154 19455
155 19455
156 15359
157 14335
158 11263
159 9215
160 9215
161 7167
162 3071
163 1022
164 1015
165 995
166 986
167 975
168 968
169 961
170 952
171 943
172 940
173 932
174 930
175 920
176 908
177 896
178 884
179 873
180 865
181 857
182 848
183 840
184 836
185 827
186 824
187 819
188 816
189 810
190 793
191 779
192 512  # compresses ieta bin 3, pt 0
193 33791
194 34815
195 36863
196 35839
197 35839
198 37887
199 35839
200 36863
201 37887
202 34815
203 34815
204 34815
205 33791
206 33791
207 32767
208 33791
209 32767
210 31743
211 31743
212 28671
213 28671
214 27647
215 25599
216 25599
217 23551
218 22527
219 21503
220 18431
221 17407
222 14335
223 13311
224 13311
225 11263
226 6143
227 5119
228 2047
229 1005
230 996
231 985
232 980
233 970
234 960
235 951
236 951
237 940
238 938
239 930
240 917
241 907
242 894
243 879
244 870
245 862
246 853
247 843
248 839
249 830
250 825
251 820
252 817
253 812
254 794
255 780
256 512  # compresses ieta bin 4, pt 0
257 33791
258 34815
259 36863
260 36863
261 36863
262 37887
263 35839
264 37887
265 38911
266 36863
267 36863
268 36863
269 35839
270 34815
271 34815
272 35839
273 34815
274 32767
275 32767
276 29695
277 29695
278 28671
279 26623
280 26623
281 24575
282 22527
283 22527
284 18431
285 17407
286 14335
287 13311
288 13311
289 11263
290 6143
291 5119
292 2047
293 1005
294 996
295 985
296 980
297 970
298 960
299 951
300 951
301 940
302 938
303 930
304 917
305 907
306 894
307 879
308 870
309 862
310 853
311 843
312 839
313 830
314 825
315 820
316 817
317 812
318 794
319 780
320 512  # compresses ieta bin 5, pt 0
321 34815
322 35839
323 37887
324 37887
325 37887
326 39935
327 38911
328 38911
329 39935
330 37887
331 37887
332 37887
333 37887
334 36863
335 35839
336 36863
337 35839
338 33791
339 33791
340 30719
341 29695
342 28671
343 26623
344 26623
345 24575
346 23551
347 22527
348 19455
349 18431
350 15359
351 15359
352 14335
353 12287
354 8191
355 7167
356 5119
357 1019
358 1009
359 997
360 989
361 981
362 971
363 962
364 959
365 953
366 950
367 937
368 928
369 916
370 903
371 889
372 878
373 870
374 860
375 852
376 845
377 836
378 831
379 826
380 823
381 816
382 797
383 783
384 512  # compresses ieta bin 6, pt 0
385 34815
386 35839
387 37887
388 37887
389 38911
390 39935
391 39935
392 39935
393 39935
394 38911
395 39935
396 39935
397 39935
398 38911
399 37887
400 38911
401 38911
402 35839
403 34815
404 31743
405 30719
406 29695
407 27647
408 27647
409 25599
410 24575
411 23551
412 20479
413 20479
414 17407
415 17407
416 16383
417 14335
418 10239
419 9215
420 6143
421 1022
422 1010
423 997
424 989
425 981
426 972
427 965
428 962
429 956
430 953
431 939
432 930
433 918
434 905
435 891
436 880
437 871
438 862
439 853
440 849
441 840
442 834
443 829
444 826
445 820
446 801
447 787
448 512  # compresses ieta bin 7, pt 0
449 35839
450 36863
451 38911
452 37887
453 38911
454 39935
455 39935
456 39935
457 39935
458 39935
459 39935
460 39935
461 39935
462 38911
463 37887
464 38911
465 38911
466 36863
467 35839
468 33791
469 32767
470 32767
471 30719
472 30719
473 27647
474 25599
475 25599
476 21503
477 21503
478 18431
479 18431
480 17407
481 16383
482 12287
483 11263
484 7167
485 4095
486 1022
487 1010
488 1001
489 993
490 983
491 970
492 967
493 958
494 955
495 942
496 930
497 920
498 907
499 893
500 883
501 877
502 867
503 858
504 853
505 841
506 836
507 829
508 826
509 820
510 801
511 787
512 512  # compresses ieta bin 8, pt 0
513 36863
514 36863
515 38911
516 37887
517 38911
518 39935
519 39935
520 39935
521 39935
522 39935
523 39935
524 39935
525 39935
526 38911
527 37887
528 38911
529 38911
530 36863
531 35839
532 33791
533 32767
534 32767
535 30719
536 30719
537 27647
538 25599
539 25599
540 22527
541 22527
542 19455
543 18431
544 18431
545 16383
546 13311
547 12287
548 9215
549 5119
550 2047
551 1010
552 1001
553 993
554 983
555 970
556 969
557 958
558 955
559 942
560 933
561 922
562 909
563 895
564 885
565 878
566 867
567 860
568 853
569 841
570 836
571 830
572 827
573 820
574 801
575 787
576 512  # compresses ieta bin 9, pt 0
577 38911
578 38911
579 40959
580 40959
581 41983
582 43007
583 44031
584 44031
585 44031
586 43007
587 43007
588 41983
589 41983
590 41983
591 41983
592 43007
593 43007
594 43007
595 41983
596 39935
597 39935
598 38911
599 34815
600 35839
601 32767
602 31743
603 30719
604 27647
605 27647
606 25599
607 24575
608 24575
609 22527
610 18431
611 18431
612 15359
613 11263
614 7167
615 3071
616 1019
617 1011
618 1000
619 987
620 983
621 974
622 970
623 956
624 942
625 933
626 923
627 910
628 898
629 893
630 883
631 873
632 866
633 855
634 850
635 842
636 838
637 828
638 807
639 793
640 512  # compresses ieta bin 10, pt 0
641 40959
642 40959
643 43007
644 44031
645 44031
646 45055
647 46079
648 46079
649 46079
650 44031
651 44031
652 43007
653 43007
654 43007
655 43007
656 44031
657 45055
658 44031
659 44031
660 39935
661 40959
662 39935
663 36863
664 36863
665 34815
666 33791
667 33791
668 30719
669 30719
670 28671
671 28671
672 28671
673 26623
674 22527
675 22527
676 20479
677 15359
678 12287
679 8191
680 4095
681 2047
682 1017
683 1003
684 1001
685 989
686 985
687 970
688 953
689 944
690 933
691 920
692 910
693 900
694 889
695 881
696 876
697 864
698 858
699 849
700 846
701 837
702 814
703 798
704 512  # compresses ieta bin 11, pt 0
705 41983
706 43007
707 45055
708 46079
709 47103
710 48127
711 49151
712 49151
713 49151
714 48127
715 48127
716 48127
717 47103
718 47103
719 47103
720 48127
721 48127
722 48127
723 48127
724 45055
725 45055
726 45055
727 40959
728 41983
729 39935
730 37887
731 38911
732 34815
733 34815
734 32767
735 31743
736 31743
737 29695
738 25599
739 24575
740 22527
741 17407
742 15359
743 11263
744 8191
745 6143
746 3071
747 1017
748 1015
749 1005
750 1000
751 985
752 969
753 961
754 946
755 932
756 921
757 907
758 898
759 890
760 882
761 872
762 867
763 858
764 855
765 847
766 826
767 811
768 512  # compresses ieta bin 12, pt 0
769 45055
770 46079
771 48127
772 49151
773 50175
774 51199
775 52223
776 52223
777 52223
778 52223
779 52223
780 51199
781 50175
782 50175
783 49151
784 50175
785 51199
786 51199
787 51199
788 48127
789 48127
790 48127
791 45055
792 45055
793 44031
794 43007
795 43007
796 39935
797 39935
798 37887
799 36863
800 36863
801 34815
802 29695
803 28671
804 27647
805 22527
806 20479
807 16383
808 14335
809 11263
810 9215
811 5119
812 4095
813 1020
814 1015
815 997
816 982
817 972
818 956
819 941
820 932
821 918
822 908
823 898
824 892
825 879
826 876
827 866
828 864
829 856
830 835
831 820
832 512  # compresses ieta bin 13, pt 0
833 45055
834 46079
835 48127
836 49151
837 50175
838 51199
839 52223
840 52223
841 53247
842 52223
843 52223
844 52223
845 50175
846 50175
847 50175
848 51199
849 52223
850 52223
851 52223
852 48127
853 49151
854 49151
855 46079
856 47103
857 45055
858 45055
859 45055
860 41983
861 41983
862 39935
863 39935
864 39935
865 36863
866 32767
867 31743
868 30719
869 26623
870 24575
871 20479
872 17407
873 15359
874 13311
875 9215
876 8191
877 3071
878 2047
879 1009
880 994
881 980
882 964
883 951
884 941
885 927
886 917
887 906
888 899
889 887
890 884
891 875
892 871
893 864
894 843
895 829
896 512  # compresses ieta bin 14, pt 0
897 45055
898 46079
899 48127
900 49151
901 50175
902 51199
903 52223
904 52223
905 52223
906 52223
907 52223
908 51199
909 50175
910 50175
911 50175
912 51199
913 52223
914 52223
915 52223
916 48127
917 49151
918 49151
919 46079
920 47103
921 45055
922 45055
923 45055
924 41983
925 41983
926 39935
927 39935
928 39935
929 36863
930 32767
931 31743
932 30719
933 26623
934 24575
935 20479
936 17407
937 15359
938 13311
939 9215
940 8191
941 3071
942 2047
943 1009
944 994
945 980
946 964
947 951
948 941
949 927
950 917
951 906
952 899
953 887
954 884
955 875
956 871
957 864
958 843
959 829
960 512  # compresses ieta bin 15, pt 0
961 44031
962 45055
963 47103
964 48127
965 49151
966 51199
967 51199
968 51199
969 52223
970 51199
971 51199
972 51199
973 50175
974 50175
975 50175
976 51199
977 52223
978 52223
979 52223
980 49151
981 49151
982 49151
983 46079
984 47103
985 47103
986 47103
987 46079
988 43007
989 43007
990 40959
991 40959
992 40959
993 38911
994 35839
995 35839
996 34815
997 30719
998 28671
999 25599
1000 23551
1001 20479
1002 18431
1003 15359
1004 14335
1005 10239
1006 9215
1007 3071
1008 1014
1009 1004
1010 987
1011 975
1012 964
1013 950
1014 939
1015 929
1016 922
1017 910
1018 907
1019 896
1020 893
1021 885
1022 865
1023 850
1024 512  # compresses ieta bin 16, pt 0
1025 43007
1026 44031
1027 48127
1028 48127
1029 49151
1030 51199
1031 50175
1032 52223
1033 53247
1034 51199
1035 52223
1036 51199
1037 50175
1038 51199
1039 50175
1040 52223
1041 52223
1042 52223
1043 53247
1044 49151
1045 50175
1046 50175
1047 47103
1048 49151
1049 48127
1050 48127
1051 46079
1052 44031
1053 44031
1054 41983
1055 41983
1056 41983
1057 40959
1058 36863
1059 36863
1060 35839
1061 31743
1062 30719
1063 27647
1064 24575
1065 22527
1066 20479
1067 16383
1068 16383
1069 12287
1070 11263
1071 6143
1072 1019
1073 1008
1074 993
1075 981
1076 969
1077 955
1078 944
1079 934
1080 928
1081 915
1082 911
1083 902
1084 899
1085 891
1086 869
1087 854
1088 512  # compresses ieta bin 17, pt 0
1089 38911
1090 38911
1091 41983
1092 43007
1093 43007
1094 45055
1095 43007
1096 45055
1097 45055
1098 44031
1099 46079
1100 46079
1101 45055
1102 45055
1103 45055
1104 46079
1105 46079
1106 46079
1107 46079
1108 43007
1109 44031
1110 43007
1111 39935
1112 39935
1113 38911
1114 38911
1115 37887
1116 35839
1117 34815
1118 32767
1119 32767
1120 31743
1121 29695
1122 26623
1123 25599
1124 23551
1125 19455
1126 17407
1127 13311
1128 9215
1129 6143
1130 4095
1131 1020
1132 1017
1133 1005
1134 1003
1135 987
1136 976
1137 963
1138 950
1139 939
1140 930
1141 916
1142 908
1143 898
1144 892
1145 881
1146 877
1147 868
1148 866
1149 857
1150 835
1151 821
1152 512  # compresses ieta bin 18, pt 0
1153 38911
1154 39935
1155 41983
1156 43007
1157 44031
1158 45055
1159 44031
1160 46079
1161 46079
1162 46079
1163 47103
1164 46079
1165 45055
1166 45055
1167 45055
1168 46079
1169 46079
1170 46079
1171 46079
1172 43007
1173 43007
1174 41983
1175 38911
1176 38911
1177 36863
1178 36863
1179 35839
1180 32767
1181 32767
1182 30719
1183 29695
1184 29695
1185 27647
1186 25599
1187 24575
1188 22527
1189 18431
1190 15359
1191 11263
1192 7167
1193 4095
1194 2047
1195 1014
1196 1009
1197 1000
1198 995
1199 980
1200 967
1201 957
1202 944
1203 930
1204 919
1205 905
1206 895
1207 886
1208 879
1209 867
1210 864
1211 855
1212 852
1213 843
1214 822
1215 808
1216 512  # compresses ieta bin 19, pt 0
1217 38911
1218 38911
1219 40959
1220 41983
1221 41983
1222 43007
1223 40959
1224 43007
1225 43007
1226 41983
1227 43007
1228 41983
1229 41983
1230 40959
1231 39935
1232 40959
1233 39935
1234 38911
1235 38911
1236 36863
1237 36863
1238 35839
1239 34815
1240 34815
1241 31743
1242 30719
1243 29695
1244 27647
1245 27647
1246 24575
1247 23551
1248 23551
1249 20479
1250 17407
1251 16383
1252 14335
1253 9215
1254 6143
1255 3071
1256 1020
1257 1011
1258 1003
1259 990
1260 985
1261 976
1262 975
1263 961
1264 948
1265 939
1266 923
1267 906
1268 896
1269 889
1270 879
1271 870
1272 861
1273 850
1274 846
1275 839
1276 837
1277 828
1278 806
1279 792
1280 512  # compresses ieta bin 20, pt 0
1281 38911
1282 37887
1283 39935
1284 40959
1285 39935
1286 40959
1287 38911
1288 40959
1289 40959
1290 39935
1291 39935
1292 39935
1293 38911
1294 37887
1295 36863
1296 37887
1297 36863
1298 34815
1299 34815
1300 33791
1301 32767
1302 32767
1303 31743
1304 31743
1305 27647
1306 25599
1307 24575
1308 21503
1309 20479
1310 18431
1311 18431
1312 17407
1313 16383
1314 13311
1315 12287
1316 9215
1317 4095
1318 1022
1319 1010
1320 1004
1321 993
1322 986
1323 976
1324 969
1325 961
1326 958
1327 944
1328 933
1329 924
1330 911
1331 898
1332 889
1333 878
1334 869
1335 860
1336 853
1337 844
1338 839
1339 832
1340 830
1341 821
1342 798
1343 784
1344 512  # compresses ieta bin 21, pt 0
1345 36863
1346 35839
1347 37887
1348 37887
1349 36863
1350 37887
1351 35839
1352 36863
1353 36863
1354 35839
1355 35839
1356 35839
1357 34815
1358 34815
1359 33791
1360 34815
1361 34815
1362 32767
1363 31743
1364 29695
1365 28671
1366 27647
1367 26623
1368 25599
1369 22527
1370 20479
1371 20479
1372 16383
1373 16383
1374 14335
1375 13311
1376 13311
1377 11263
1378 8191
1379 6143
1380 3071
1381 1012
1382 1003
1383 991
1384 983
1385 973
1386 966
1387 951
1388 948
1389 940
1390 938
1391 925
1392 917
1393 909
1394 894
1395 883
1396 874
1397 866
1398 859
1399 850
1400 842
1401 833
1402 828
1403 822
1404 819
1405 810
1406 787
1407 773
1408 512  # compresses ieta bin 22, pt 0
1409 33791
1410 32767
1411 33791
1412 33791
1413 33791
1414 33791
1415 31743
1416 33791
1417 33791
1418 33791
1419 32767
1420 31743
1421 30719
1422 29695
1423 29695
1424 30719
1425 30719
1426 28671
1427 27647
1428 24575
1429 24575
1430 24575
1431 22527
1432 21503
1433 18431
1434 16383
1435 14335
1436 11263
1437 10239
1438 8191
1439 7167
1440 6143
1441 5119
1442 1022
1443 1015
1444 1001
1445 985
1446 977
1447 966
1448 955
1449 949
1450 940
1451 929
1452 927
1453 917
1454 915
1455 901
1456 894
1457 886
1458 874
1459 861
1460 852
1461 844
1462 840
1463 832
1464 826
1465 818
1466 815
1467 806
1468 805
1469 796
1470 773
1471 759
1472 512  # compresses ieta bin 23, pt 0
1473 32767
1474 31743
1475 32767
1476 31743
1477 30719
1478 32767
1479 30719
1480 31743
1481 31743
1482 31743
1483 30719
1484 30719
1485 28671
1486 28671
1487 27647
1488 27647
1489 27647
1490 25599
1491 23551
1492 21503
1493 20479
1494 20479
1495 17407
1496 17407
1497 13311
1498 11263
1499 10239
1500 6143
1501 5119
1502 3071
1503 1022
1504 1018
1505 1014
1506 999
1507 997
1508 983
1509 968
1510 963
1511 950
1512 940
1513 934
1514 926
1515 915
1516 913
1517 904
1518 900
1519 887
1520 878
1521 871
1522 860
1523 848
1524 837
1525 830
1526 824
1527 819
1528 814
1529 806
1530 803
1531 795
1532 792
1533 784
1534 762
1535 748
1536 512  # compresses ieta bin 24, pt 0
1537 33791
1538 31743
1539 32767
1540 31743
1541 30719
1542 32767
1543 30719
1544 31743
1545 31743
1546 31743
1547 30719
1548 29695
1549 28671
1550 27647
1551 27647
1552 27647
1553 27647
1554 25599
1555 23551
1556 21503
1557 20479
1558 19455
1559 17407
1560 16383
1561 13311
1562 10239
1563 9215
1564 5119
1565 4095
1566 2046
1567 1018
1568 1014
1569 1006
1570 995
1571 993
1572 980
1573 964
1574 957
1575 947
1576 937
1577 928
1578 923
1579 910
1580 908
1581 899
1582 897
1583 882
1584 874
1585 866
1586 853
1587 842
1588 833
1589 827
1590 821
1591 814
1592 809
1593 801
1594 799
1595 790
1596 788
1597 780
1598 758
1599 745
1600 512  # compresses ieta bin 25, pt 0
1601 34815
1602 33791
1603 34815
1604 34815
1605 34815
1606 34815
1607 32767
1608 33791
1609 33791
1610 33791
1611 33791
1612 31743
1613 31743
1614 31743
1615 30719
1616 31743
1617 30719
1618 28671
1619 27647
1620 25599
1621 24575
1622 24575
1623 22527
1624 22527
1625 18431
1626 16383
1627 15359
1628 11263
1629 10239
1630 8191
1631 7167
1632 6143
1633 4095
1634 1019
1635 1011
1636 1001
1637 985
1638 977
1639 963
1640 955
1641 946
1642 940
1643 929
1644 927
1645 917
1646 913
1647 899
1648 892
1649 884
1650 872
1651 859
1652 850
1653 843
1654 836
1655 829
1656 825
1657 815
1658 812
1659 805
1660 802
1661 794
1662 772
1663 758
1664 512  # compresses ieta bin 26, pt 0
1665 55295
1666 52223
1667 55295
1668 52223
1669 48127
1670 50175
1671 47103
1672 47103
1673 47103
1674 45055
1675 45055
1676 44031
1677 43007
1678 41983
1679 39935
1680 41983
1681 41983
1682 40959
1683 40959
1684 37887
1685 36863
1686 36863
1687 33791
1688 34815
1689 32767
1690 30719
1691 30719
1692 26623
1693 25599
1694 23551
1695 24575
1696 23551
1697 18431
1698 14335
1699 14335
1700 11263
1701 7167
1702 4095
1703 1019
1704 1013
1705 1005
1706 997
1707 984
1708 980
1709 969
1710 965
1711 956
1712 944
1713 929
1714 917
1715 908
1716 900
1717 891
1718 884
1719 875
1720 869
1721 863
1722 861
1723 853
1724 851
1725 843
1726 817
1727 803
1728 512  # compresses ieta bin 27, pt 0
1729 76799
1730 73727
1731 76799
1732 70655
1733 65535
1734 64511
1735 65535
1736 68607
1737 66559
1738 62463
1739 63487
1740 65535
1741 67583
1742 64511
1743 62463
1744 64511
1745 60415
1746 56319
1747 60415
1748 56319
1749 57343
1750 54271
1751 51199
1752 52223
1753 49151
1754 47103
1755 45055
1756 40959
1757 40959
1758 38911
1759 39935
1760 36863
1761 33791
1762 30719
1763 28671
1764 26623
1765 22527
1766 19455
1767 17407
1768 16383
1769 14335
1770 14335
1771 11263
1772 8191
1773 2047
1774 1023
1775 1016
1776 1005
1777 998
1778 991
1779 988
1780 982
1781 968
1782 955
1783 944
1784 939
1785 933
1786 926
1787 929
1788 925
1789 915
1790 870
1791 847
1792 512  # compresses ieta bin 28, pt 0
1793 13311
1794 9215
1795 7167
1796 6143
1797 3071
1798 1018
1799 1006
1800 960
1801 964
1802 944
1803 929
1804 931
1805 915
1806 910
1807 914
1808 909
1809 905
1810 904
1811 897
1812 882
1813 883
1814 872
1815 867
1816 862
1817 853
1818 844
1819 842
1820 838
1821 836
1822 829
1823 818
1824 817
1825 811
1826 805
1827 804
1828 798
1829 784
1830 780
1831 770
1832 763
1833 761
1834 755
1835 753
1836 751
1837 746
1838 747
1839 738
1840 733
1841 729
1842 724
1843 713
1844 708
1845 701
1846 697
1847 693
1848 686
1849 683
1850 682
1851 676
1852 671
1853 671
1854 647
1855 634
1856 512  # compresses ieta bin 29, pt 0
1857 13311
1858 9215
1859 7167
1860 6143
1861 3071
1862 1018
1863 1006
1864 960
1865 963
1866 933
1867 907
1868 911
1869 887
1870 882
1871 878
1872 875
1873 865
1874 850
1875 845
1876 835
1877 831
1878 822
1879 813
1880 800
1881 793
1882 781
1883 781
1884 775
1885 771
1886 762
1887 753
1888 754
1889 750
1890 747
1891 744
1892 742
1893 729
1894 724
1895 716
1896 709
1897 702
1898 696
1899 692
1900 692
1901 689
1902 687
1903 679
1904 672
1905 666
1906 659
1907 654
1908 652
1909 646
1910 644
1911 639
1912 637
1913 631
1914 630
1915 627
1916 625
1917 624
1918 611
1919 602
1920 512  # compresses ieta bin 30, pt 0
1921 12287
1922 8191
1923 6143
1924 3071
1925 1004
1926 979
1927 970
1928 937
1929 931
1930 914
1931 896
1932 892
1933 869
1934 864
1935 852
1936 849
1937 847
1938 834
1939 830
1940 821
1941 817
1942 809
1943 795
1944 788
1945 782
1946 776
1947 776
1948 766
1949 766
1950 757
1951 749
1952 746
1953 746
1954 743
1955 741
1956 738
1957 726
1958 721
1959 713
1960 709
1961 699
1962 693
1963 692
1964 692
1965 689
1966 687
1967 679
1968 672
1969 666
1970 661
1971 654
1972 652
1973 648
1974 644
1975 639
1976 637
1977 631
1978 630
1979 627
1980 625
1981 624
1982 612
1983 602
1984 512  # compresses ieta bin 31, pt 0
1985 7167
1986 4095
1987 2044
1988 989
1989 964
1990 941
1991 921
1992 879
1993 874
1994 859
1995 836
1996 842
1997 820
1998 810
1999 808
2000 807
2001 797
2002 781
2003 779
2004 765
2005 765
2006 759
2007 748
2008 743
2009 744
2010 734
2011 730
2012 722
2013 724
2014 721
2015 714
2016 716
2017 710
2018 704
2019 703
2020 699
2021 688
2022 684
2023 678
2024 675
2025 672
2026 667
2027 668
2028 665
2029 663
2030 662
2031 657
2032 654
2033 651
2034 647
2035 642
2036 642
2037 639
2038 637
2039 635
2040 634
2041 630
2042 628
2043 627
2044 625
2045 624
2046 613
2047 604
2048 512  # compresses ieta bin 32, pt 0
2049 6143
2050 2047
2051 1004
2052 975
2053 937
2054 917
2055 899
2056 856
2057 852
2058 827
2059 814
2060 813
2061 792
2062 791
2063 783
2064 781
2065 774
2066 757
2067 757
2068 738
2069 739
2070 728
2071 718
2072 714
2073 716
2074 708
2075 701
2076 698
2077 696
2078 694
2079 692
2080 691
2081 685
2082 681
2083 677
2084 674
2085 664
2086 661
2087 656
2088 654
2089 649
2090 647
2091 648
2092 647
2093 648
2094 647
2095 643
2096 638
2097 634
2098 630
2099 629
2100 629
2101 628
2102 627
2103 625
2104 624
2105 619
2106 618
2107 617
2108 615
2109 613
2110 603
2111 595
2112 512  # compresses ieta bin 33, pt 0
2113 6143
2114 2047
2115 1004
2116 975
2117 937
2118 917
2119 899
2120 856
2121 852
2122 827
2123 814
2124 813
2125 792
2126 791
2127 783
2128 781
2129 774
2130 757
2131 757
2132 738
2133 739
2134 728
2135 718
2136 714
2137 716
2138 708
2139 701
2140 698
2141 696
2142 694
2143 692
2144 691
2145 685
2146 681
2147 677
2148 674
2149 664
2150 661
2151 656
2152 654
2153 649
2154 647
2155 648
2156 647
2157 648
2158 647
2159 643
2160 638
2161 634
2162 630
2163 629
2164 629
2165 628
2166 627
2167 625
2168 624
2169 619
2170 618
2171 617
2172 615
2173 613
2174 603
2175 595
2176 512  # compresses ieta bin 34, pt 0
2177 7167
2178 3071
2179 2042
2180 989
2181 951
2182 929
2183 921
2184 868
2185 865
2186 848
2187 835
2188 832
2189 811
2190 809
2191 799
2192 798
2193 789
2194 772
2195 765
2196 752
2197 752
2198 740
2199 730
2200 726
2201 722
2202 718
2203 710
2204 703
2205 701
2206 699
2207 697
2208 695
2209 689
2210 685
2211 681
2212 678
2213 668
2214 661
2215 659
2216 654
2217 652
2218 650
2219 651
2220 649
2221 651
2222 649
2223 645
2224 640
2225 638
2226 634
2227 631
2228 631
2229 630
2230 628
2231 627
2232 626
2233 622
2234 621
2235 619
2236 617
2237 616
2238 605
2239 596
2240 512  # compresses ieta bin 35, pt 0
2241 8191
2242 5119
2243 4095
2244 2047
2245 1004
2246 979
2247 970
2248 926
2249 920
2250 901
2251 886
2252 883
2253 868
2254 855
2255 843
2256 841
2257 831
2258 819
2259 809
2260 793
2261 792
2262 784
2263 771
2264 765
2265 765
2266 760
2267 751
2268 742
2269 743
2270 739
2271 736
2272 733
2273 726
2274 724
2275 722
2276 717
2277 705
2278 701
2279 694
2280 687
2281 681
2282 673
2283 670
2284 671
2285 666
2286 664
2287 652
2288 645
2289 640
2290 636
2291 635
2292 635
2293 633
2294 632
2295 630
2296 629
2297 623
2298 622
2299 620
2300 618
2301 616
2302 605
2303 597
2304 512  # compresses ieta bin 36, pt 0
2305 8191
2306 5119
2307 4095
2308 2047
2309 1004
2310 980
2311 970
2312 937
2313 931
2314 913
2315 898
2316 901
2317 878
2318 873
2319 861
2320 851
2321 847
2322 834
2323 823
2324 806
2325 804
2326 791
2327 777
2328 777
2329 771
2330 771
2331 765
2332 756
2333 752
2334 748
2335 744
2336 741
2337 738
2338 732
2339 729
2340 724
2341 712
2342 707
2343 700
2344 693
2345 687
2346 678
2347 673
2348 673
2349 669
2350 667
2351 655
2352 647
2353 643
2354 640
2355 637
2356 637
2357 635
2358 633
2359 632
2360 631
2361 626
2362 624
2363 619
2364 610
2365 608
2366 602
2367 599
2368 512  # compresses ieta bin 37, pt 0
2369 8191
2370 5119
2371 4095
2372 2047
2373 1004
2374 980
2375 970
2376 937
2377 941
2378 914
2379 907
2380 901
2381 887
2382 873
2383 861
2384 858
2385 848
2386 834
2387 831
2388 813
2389 811
2390 803
2391 784
2392 783
2393 782
2394 776
2395 771
2396 761
2397 761
2398 757
2399 753
2400 750
2401 742
2402 735
2403 733
2404 727
2405 715
2406 711
2407 703
2408 696
2409 687
2410 678
2411 676
2412 673
2413 669
2414 669
2415 655
2416 647
2417 645
2418 640
2419 639
2420 637
2421 635
2422 633
2423 627
2424 621
2425 617
2426 615
2427 609
2428 600
2429 599
2430 596
2431 599
2432 512  # compresses ieta bin 38, pt 0
2433 11263
2434 8191
2435 7167
2436 7167
2437 5119
2438 4095
2439 5119
2440 3071
2441 3071
2442 3071
2443 1001
2444 1001
2445 982
2446 955
2447 931
2448 918
2449 913
2450 896
2451 883
2452 861
2453 844
2454 822
2455 801
2456 800
2457 794
2458 792
2459 786
2460 775
2461 775
2462 766
2463 762
2464 758
2465 750
2466 743
2467 741
2468 734
2469 722
2470 714
2471 706
2472 699
2473 690
2474 681
2475 676
2476 676
2477 671
2478 669
2479 657
2480 654
2481 649
2482 647
2483 644
2484 642
2485 642
2486 640
2487 634
2488 628
2489 623
2490 621
2491 614
2492 606
2493 605
2494 602
2495 605
2496 512  # compresses ieta bin 39, pt 0
2497 11263
2498 8191
2499 7167
2500 7167
2501 6143
2502 4095
2503 5119
2504 3071
2505 3071
2506 3071
2507 1001
2508 1001
2509 982
2510 955
2511 931
2512 918
2513 913
2514 896
2515 883
2516 861
2517 844
2518 822
2519 801
2520 800
2521 794
2522 792
2523 786
2524 775
2525 775
2526 766
2527 762
2528 758
2529 750
2530 743
2531 741
2532 734
2533 722
2534 714
2535 706
2536 699
2537 690
2538 681
2539 676
2540 676
2541 671
2542 669
2543 657
2544 654
2545 649
2546 647
2547 644
2548 642
2549 642
2550 640
2551 634
2552 628
2553 623
2554 621
2555 614
2556 606
2557 605
2558 602
2559 605
2560 0 # dummy
2561 0 # dummy
2562 0 # dummy
2563 0 # dummy
2564 0 # dummy
2565 0 # dummy
2566 0 # dummy
2567 0 # dummy
2568 0 # dummy
2569 0 # dummy
2570 0 # dummy
2571 0 # dummy
2572 0 # dummy
2573 0 # dummy
2574 0 # dummy
2575 0 # dummy
2576 0 # dummy
2577 0 # dummy
2578 0 # dummy
2579 0 # dummy
2580 0 # dummy
2581 0 # dummy
2582 0 # dummy
2583 0 # dummy
2584 0 # dummy
2585 0 # dummy
2586 0 # dummy
2587 0 # dummy
2588 0 # dummy
2589 0 # dummy
2590 0 # dummy
2591 0 # dummy
2592 0 # dummy
2593 0 # dummy
2594 0 # dummy
2595 0 # dummy
2596 0 # dummy
2597 0 # dummy
2598 0 # dummy
2599 0 # dummy
2600 0 # dummy
2601 0 # dummy
2602 0 # dummy
2603 0 # dummy
2604 0 # dummy
2605 0 # dummy
2606 0 # dummy
2607 0 # dummy
2608 0 # dummy
2609 0 # dummy
2610 0 # dummy
2611 0 # dummy
2612 0 # dummy
2613 0 # dummy
2614 0 # dummy
2615 0 # dummy
2616 0 # dummy
2617 0 # dummy
2618 0 # dummy
2619 0 # dummy
2620 0 # dummy
2621 0 # dummy
2622 0 # dummy
2623 0 # dummy
2624 0 # dummy
2625 0 # dummy
2626 0 # dummy
2627 0 # dummy
2628 0 # dummy
2629 0 # dummy
2630 0 # dummy
2631 0 # dummy
2632 0 # dummy
2633 0 # dummy
2634 0 # dummy
2635 0 # dummy
2636 0 # dummy
2637 0 # dummy
2638 0 # dummy
2639 0 # dummy
2640 0 # dummy
2641 0 # dummy
2642 0 # dummy
2643 0 # dummy
2644 0 # dummy
2645 0 # dummy
2646 0 # dummy
2647 0 # dummy
2648 0 # dummy
2649 0 # dummy
2650 0 # dummy
2651 0 # dummy
2652 0 # dummy
2653 0 # dummy
2654 0 # dummy
2655 0 # dummy
2656 0 # dummy
2657 0 # dummy
2658 0 # dummy
2659 0 # dummy
2660 0 # dummy
2661 0 # dummy
2662 0 # dummy
2663 0 # dummy
2664 0 # dummy
2665 0 # dummy
2666 0 # dummy
2667 0 # dummy
2668 0 # dummy
2669 0 # dummy
2670 0 # dummy
2671 0 # dummy
2672 0 # dummy
2673 0 # dummy
2674 0 # dummy
2675 0 # dummy
2676 0 # dummy
2677 0 # dummy
2678 0 # dummy
2679 0 # dummy
2680 0 # dummy
2681 0 # dummy
2682 0 # dummy
2683 0 # dummy
2684 0 # dummy
2685 0 # dummy
2686 0 # dummy
2687 0 # dummy
2688 0 # dummy
2689 0 # dummy
2690 0 # dummy
2691 0 # dummy
2692 0 # dummy
2693 0 # dummy
2694 0 # dummy
2695 0 # dummy
2696 0 # dummy
2697 0 # dummy
2698 0 # dummy
2699 0 # dummy
2700 0 # dummy
2701 0 # dummy
2702 0 # dummy
2703 0 # dummy
2704 0 # dummy
2705 0 # dummy
2706 0 # dummy
2707 0 # dummy
2708 0 # dummy
2709 0 # dummy
2710 0 # dummy
2711 0 # dummy
2712 0 # dummy
2713 0 # dummy
2714 0 # dummy
2715 0 # dummy
2716 0 # dummy
2717 0 # dummy
2718 0 # dummy
2719 0 # dummy
2720 0 # dummy
2721 0 # dummy
2722 0 # dummy
2723 0 # dummy
2724 0 # dummy
2725 0 # dummy
2726 0 # dummy
2727 0 # dummy
2728 0 # dummy
2729 0 # dummy
2730 0 # dummy
2731 0 # dummy
2732 0 # dummy
2733 0 # dummy
2734 0 # dummy
2735 0 # dummy
2736 0 # dummy
2737 0 # dummy
2738 0 # dummy
2739 0 # dummy
2740 0 # dummy
2741 0 # dummy
2742 0 # dummy
2743 0 # dummy
2744 0 # dummy
2745 0 # dummy
2746 0 # dummy
2747 0 # dummy
2748 0 # dummy
2749 0 # dummy
2750 0 # dummy
2751 0 # dummy
2752 0 # dummy
2753 0 # dummy
2754 0 # dummy
2755 0 # dummy
2756 0 # dummy
2757 0 # dummy
2758 0 # dummy
2759 0 # dummy
2760 0 # dummy
2761 0 # dummy
2762 0 # dummy
2763 0 # dummy
2764 0 # dummy
2765 0 # dummy
2766 0 # dummy
2767 0 # dummy
2768 0 # dummy
2769 0 # dummy
2770 0 # dummy
2771 0 # dummy
2772 0 # dummy
2773 0 # dummy
2774 0 # dummy
2775 0 # dummy
2776 0 # dummy
2777 0 # dummy
2778 0 # dummy
2779 0 # dummy
2780 0 # dummy
2781 0 # dummy
2782 0 # dummy
2783 0 # dummy
2784 0 # dummy
2785 0 # dummy
2786 0 # dummy
2787 0 # dummy
2788 0 # dummy
2789 0 # dummy
2790 0 # dummy
2791 0 # dummy
2792 0 # dummy
2793 0 # dummy
2794 0 # dummy
2795 0 # dummy
2796 0 # dummy
2797 0 # dummy
2798 0 # dummy
2799 0 # dummy
2800 0 # dummy
2801 0 # dummy
2802 0 # dummy
2803 0 # dummy
2804 0 # dummy
2805 0 # dummy
2806 0 # dummy
2807 0 # dummy
2808 0 # dummy
2809 0 # dummy
2810 0 # dummy
2811 0 # dummy
2812 0 # dummy
2813 0 # dummy
2814 0 # dummy
2815 0 # dummy
2816 0 # dummy
2817 0 # dummy
2818 0 # dummy
2819 0 # dummy
2820 0 # dummy
2821 0 # dummy
2822 0 # dummy
2823 0 # dummy
2824 0 # dummy
2825 0 # dummy
2826 0 # dummy
2827 0 # dummy
2828 0 # dummy
2829 0 # dummy
2830 0 # dummy
2831 0 # dummy
2832 0 # dummy
2833 0 # dummy
2834 0 # dummy
2835 0 # dummy
2836 0 # dummy
2837 0 # dummy
2838 0 # dummy
2839 0 # dummy
2840 0 # dummy
2841 0 # dummy
2842 0 # dummy
2843 0 # dummy
2844 0 # dummy
2845 0 # dummy
2846 0 # dummy
2847 0 # dummy
2848 0 # dummy
2849 0 # dummy
2850 0 # dummy
2851 0 # dummy
2852 0 # dummy
2853 0 # dummy
2854 0 # dummy
2855 0 # dummy
2856 0 # dummy
2857 0 # dummy
2858 0 # dummy
2859 0 # dummy
2860 0 # dummy
2861 0 # dummy
2862 0 # dummy
2863 0 # dummy
2864 0 # dummy
2865 0 # dummy
2866 0 # dummy
2867 0 # dummy
2868 0 # dummy
2869 0 # dummy
2870 0 # dummy
2871 0 # dummy
2872 0 # dummy
2873 0 # dummy
2874 0 # dummy
2875 0 # dummy
2876 0 # dummy
2877 0 # dummy
2878 0 # dummy
2879 0 # dummy
2880 0 # dummy
2881 0 # dummy
2882 0 # dummy
2883 0 # dummy
2884 0 # dummy
2885 0 # dummy
2886 0 # dummy
2887 0 # dummy
2888 0 # dummy
2889 0 # dummy
2890 0 # dummy
2891 0 # dummy
2892 0 # dummy
2893 0 # dummy
2894 0 # dummy
2895 0 # dummy
2896 0 # dummy
2897 0 # dummy
2898 0 # dummy
2899 0 # dummy
2900 0 # dummy
2901 0 # dummy
2902 0 # dummy
2903 0 # dummy
2904 0 # dummy
2905 0 # dummy
2906 0 # dummy
2907 0 # dummy
2908 0 # dummy
2909 0 # dummy
2910 0 # dummy
2911 0 # dummy
2912 0 # dummy
2913 0 # dummy
2914 0 # dummy
2915 0 # dummy
2916 0 # dummy
2917 0 # dummy
2918 0 # dummy
2919 0 # dummy
2920 0 # dummy
2921 0 # dummy
2922 0 # dummy
2923 0 # dummy
2924 0 # dummy
2925 0 # dummy
2926 0 # dummy
2927 0 # dummy
2928 0 # dummy
2929 0 # dummy
2930 0 # dummy
2931 0 # dummy
2932 0 # dummy
2933 0 # dummy
2934 0 # dummy
2935 0 # dummy
2936 0 # dummy
2937 0 # dummy
2938 0 # dummy
2939 0 # dummy
2940 0 # dummy
2941 0 # dummy
2942 0 # dummy
2943 0 # dummy
2944 0 # dummy
2945 0 # dummy
2946 0 # dummy
2947 0 # dummy
2948 0 # dummy
2949 0 # dummy
2950 0 # dummy
2951 0 # dummy
2952 0 # dummy
2953 0 # dummy
2954 0 # dummy
2955 0 # dummy
2956 0 # dummy
2957 0 # dummy
2958 0 # dummy
2959 0 # dummy
2960 0 # dummy
2961 0 # dummy
2962 0 # dummy
2963 0 # dummy
2964 0 # dummy
2965 0 # dummy
2966 0 # dummy
2967 0 # dummy
2968 0 # dummy
2969 0 # dummy
2970 0 # dummy
2971 0 # dummy
2972 0 # dummy
2973 0 # dummy
2974 0 # dummy
2975 0 # dummy
2976 0 # dummy
2977 0 # dummy
2978 0 # dummy
2979 0 # dummy
2980 0 # dummy
2981 0 # dummy
2982 0 # dummy
2983 0 # dummy
2984 0 # dummy
2985 0 # dummy
2986 0 # dummy
2987 0 # dummy
2988 0 # dummy
2989 0 # dummy
2990 0 # dummy
2991 0 # dummy
2992 0 # dummy
2993 0 # dummy
2994 0 # dummy
2995 0 # dummy
2996 0 # dummy
2997 0 # dummy
2998 0 # dummy
2999 0 # dummy
3000 0 # dummy
3001 0 # dummy
3002 0 # dummy
3003 0 # dummy
3004 0 # dummy
3005 0 # dummy
3006 0 # dummy
3007 0 # dummy
3008 0 # dummy
3009 0 # dummy
3010 0 # dummy
3011 0 # dummy
3012 0 # dummy
3013 0 # dummy
3014 0 # dummy
3015 0 # dummy
3016 0 # dummy
3017 0 # dummy
3018 0 # dummy
3019 0 # dummy
3020 0 # dummy
3021 0 # dummy
3022 0 # dummy
3023 0 # dummy
3024 0 # dummy
3025 0 # dummy
3026 0 # dummy
3027 0 # dummy
3028 0 # dummy
3029 0 # dummy
3030 0 # dummy
3031 0 # dummy
3032 0 # dummy
3033 0 # dummy
3034 0 # dummy
3035 0 # dummy
3036 0 # dummy
3037 0 # dummy
3038 0 # dummy
3039 0 # dummy
3040 0 # dummy
3041 0 # dummy
3042 0 # dummy
3043 0 # dummy
3044 0 # dummy
3045 0 # dummy
3046 0 # dummy
3047 0 # dummy
3048 0 # dummy
3049 0 # dummy
3050 0 # dummy
3051 0 # dummy
3052 0 # dummy
3053 0 # dummy
3054 0 # dummy
3055 0 # dummy
3056 0 # dummy
3057 0 # dummy
3058 0 # dummy
3059 0 # dummy
3060 0 # dummy
3061 0 # dummy
3062 0 # dummy
3063 0 # dummy
3064 0 # dummy
3065 0 # dummy
3066 0 # dummy
3067 0 # dummy
3068 0 # dummy
3069 0 # dummy
3070 0 # dummy
3071 0 # dummy
3072 0 # dummy
3073 0 # dummy
3074 0 # dummy
3075 0 # dummy
3076 0 # dummy
3077 0 # dummy
3078 0 # dummy
3079 0 # dummy
3080 0 # dummy
3081 0 # dummy
3082 0 # dummy
3083 0 # dummy
3084 0 # dummy
3085 0 # dummy
3086 0 # dummy
3087 0 # dummy
3088 0 # dummy
3089 0 # dummy
3090 0 # dummy
3091 0 # dummy
3092 0 # dummy
3093 0 # dummy
3094 0 # dummy
3095 0 # dummy
3096 0 # dummy
3097 0 # dummy
3098 0 # dummy
3099 0 # dummy
3100 0 # dummy
3101 0 # dummy
3102 0 # dummy
3103 0 # dummy
3104 0 # dummy
3105 0 # dummy
3106 0 # dummy
3107 0 # dummy
3108 0 # dummy
3109 0 # dummy
3110 0 # dummy
3111 0 # dummy
3112 0 # dummy
3113 0 # dummy
3114 0 # dummy
3115 0 # dummy
3116 0 # dummy
3117 0 # dummy
3118 0 # dummy
3119 0 # dummy
3120 0 # dummy
3121 0 # dummy
3122 0 # dummy
3123 0 # dummy
3124 0 # dummy
3125 0 # dummy
3126 0 # dummy
3127 0 # dummy
3128 0 # dummy
3129 0 # dummy
3130 0 # dummy
3131 0 # dummy
3132 0 # dummy
3133 0 # dummy
3134 0 # dummy
3135 0 # dummy
3136 0 # dummy
3137 0 # dummy
3138 0 # dummy
3139 0 # dummy
3140 0 # dummy
3141 0 # dummy
3142 0 # dummy
3143 0 # dummy
3144 0 # dummy
3145 0 # dummy
3146 0 # dummy
3147 0 # dummy
3148 0 # dummy
3149 0 # dummy
3150 0 # dummy
3151 0 # dummy
3152 0 # dummy
3153 0 # dummy
3154 0 # dummy
3155 0 # dummy
3156 0 # dummy
3157 0 # dummy
3158 0 # dummy
3159 0 # dummy
3160 0 # dummy
3161 0 # dummy
3162 0 # dummy
3163 0 # dummy
3164 0 # dummy
3165 0 # dummy
3166 0 # dummy
3167 0 # dummy
3168 0 # dummy
3169 0 # dummy
3170 0 # dummy
3171 0 # dummy
3172 0 # dummy
3173 0 # dummy
3174 0 # dummy
3175 0 # dummy
3176 0 # dummy
3177 0 # dummy
3178 0 # dummy
3179 0 # dummy
3180 0 # dummy
3181 0 # dummy
3182 0 # dummy
3183 0 # dummy
3184 0 # dummy
3185 0 # dummy
3186 0 # dummy
3187 0 # dummy
3188 0 # dummy
3189 0 # dummy
3190 0 # dummy
3191 0 # dummy
3192 0 # dummy
3193 0 # dummy
3194 0 # dummy
3195 0 # dummy
3196 0 # dummy
3197 0 # dummy
3198 0 # dummy
3199 0 # dummy
3200 0 # dummy
3201 0 # dummy
3202 0 # dummy
3203 0 # dummy
3204 0 # dummy
3205 0 # dummy
3206 0 # dummy
3207 0 # dummy
3208 0 # dummy
3209 0 # dummy
3210 0 # dummy
3211 0 # dummy
3212 0 # dummy
3213 0 # dummy
3214 0 # dummy
3215 0 # dummy
3216 0 # dummy
3217 0 # dummy
3218 0 # dummy
3219 0 # dummy
3220 0 # dummy
3221 0 # dummy
3222 0 # dummy
3223 0 # dummy
3224 0 # dummy
3225 0 # dummy
3226 0 # dummy
3227 0 # dummy
3228 0 # dummy
3229 0 # dummy
3230 0 # dummy
3231 0 # dummy
3232 0 # dummy
3233 0 # dummy
3234 0 # dummy
3235 0 # dummy
3236 0 # dummy
3237 0 # dummy
3238 0 # dummy
3239 0 # dummy
3240 0 # dummy
3241 0 # dummy
3242 0 # dummy
3243 0 # dummy
3244 0 # dummy
3245 0 # dummy
3246 0 # dummy
3247 0 # dummy
3248 0 # dummy
3249 0 # dummy
3250 0 # dummy
3251 0 # dummy
3252 0 # dummy
3253 0 # dummy
3254 0 # dummy
3255 0 # dummy
3256 0 # dummy
3257 0 # dummy
3258 0 # dummy
3259 0 # dummy
3260 0 # dummy
3261 0 # dummy
3262 0 # dummy
3263 0 # dummy
3264 0 # dummy
3265 0 # dummy
3266 0 # dummy
3267 0 # dummy
3268 0 # dummy
3269 0 # dummy
3270 0 # dummy
3271 0 # dummy
3272 0 # dummy
3273 0 # dummy
3274 0 # dummy
3275 0 # dummy
3276 0 # dummy
3277 0 # dummy
3278 0 # dummy
3279 0 # dummy
3280 0 # dummy
3281 0 # dummy
3282 0 # dummy
3283 0 # dummy
3284 0 # dummy
3285 0 # dummy
3286 0 # dummy
3287 0 # dummy
3288 0 # dummy
3289 0 # dummy
3290 0 # dummy
3291 0 # dummy
3292 0 # dummy
3293 0 # dummy
3294 0 # dummy
3295 0 # dummy
3296 0 # dummy
3297 0 # dummy
3298 0 # dummy
3299 0 # dummy
3300 0 # dummy
3301 0 # dummy
3302 0 # dummy
3303 0 # dummy
3304 0 # dummy
3305 0 # dummy
3306 0 # dummy
3307 0 # dummy
3308 0 # dummy
3309 0 # dummy
3310 0 # dummy
3311 0 # dummy
3312 0 # dummy
3313 0 # dummy
3314 0 # dummy
3315 0 # dummy
3316 0 # dummy
3317 0 # dummy
3318 0 # dummy
3319 0 # dummy
3320 0 # dummy
3321 0 # dummy
3322 0 # dummy
3323 0 # dummy
3324 0 # dummy
3325 0 # dummy
3326 0 # dummy
3327 0 # dummy
3328 0 # dummy
3329 0 # dummy
3330 0 # dummy
3331 0 # dummy
3332 0 # dummy
3333 0 # dummy
3334 0 # dummy
3335 0 # dummy
3336 0 # dummy
3337 0 # dummy
3338 0 # dummy
3339 0 # dummy
3340 0 # dummy
3341 0 # dummy
3342 0 # dummy
3343 0 # dummy
3344 0 # dummy
3345 0 # dummy
3346 0 # dummy
3347 0 # dummy
3348 0 # dummy
3349 0 # dummy
3350 0 # dummy
3351 0 # dummy
3352 0 # dummy
3353 0 # dummy
3354 0 # dummy
3355 0 # dummy
3356 0 # dummy
3357 0 # dummy
3358 0 # dummy
3359 0 # dummy
3360 0 # dummy
3361 0 # dummy
3362 0 # dummy
3363 0 # dummy
3364 0 # dummy
3365 0 # dummy
3366 0 # dummy
3367 0 # dummy
3368 0 # dummy
3369 0 # dummy
3370 0 # dummy
3371 0 # dummy
3372 0 # dummy
3373 0 # dummy
3374 0 # dummy
3375 0 # dummy
3376 0 # dummy
3377 0 # dummy
3378 0 # dummy
3379 0 # dummy
3380 0 # dummy
3381 0 # dummy
3382 0 # dummy
3383 0 # dummy
3384 0 # dummy
3385 0 # dummy
3386 0 # dummy
3387 0 # dummy
3388 0 # dummy
3389 0 # dummy
3390 0 # dummy
3391 0 # dummy
3392 0 # dummy
3393 0 # dummy
3394 0 # dummy
3395 0 # dummy
3396 0 # dummy
3397 0 # dummy
3398 0 # dummy
3399 0 # dummy
3400 0 # dummy
3401 0 # dummy
3402 0 # dummy
3403 0 # dummy
3404 0 # dummy
3405 0 # dummy
3406 0 # dummy
3407 0 # dummy
3408 0 # dummy
3409 0 # dummy
3410 0 # dummy
3411 0 # dummy
3412 0 # dummy
3413 0 # dummy
3414 0 # dummy
3415 0 # dummy
3416 0 # dummy
3417 0 # dummy
3418 0 # dummy
3419 0 # dummy
3420 0 # dummy
3421 0 # dummy
3422 0 # dummy
3423 0 # dummy
3424 0 # dummy
3425 0 # dummy
3426 0 # dummy
3427 0 # dummy
3428 0 # dummy
3429 0 # dummy
3430 0 # dummy
3431 0 # dummy
3432 0 # dummy
3433 0 # dummy
3434 0 # dummy
3435 0 # dummy
3436 0 # dummy
3437 0 # dummy
3438 0 # dummy
3439 0 # dummy
3440 0 # dummy
3441 0 # dummy
3442 0 # dummy
3443 0 # dummy
3444 0 # dummy
3445 0 # dummy
3446 0 # dummy
3447 0 # dummy
3448 0 # dummy
3449 0 # dummy
3450 0 # dummy
3451 0 # dummy
3452 0 # dummy
3453 0 # dummy
3454 0 # dummy
3455 0 # dummy
3456 0 # dummy
3457 0 # dummy
3458 0 # dummy
3459 0 # dummy
3460 0 # dummy
3461 0 # dummy
3462 0 # dummy
3463 0 # dummy
3464 0 # dummy
3465 0 # dummy
3466 0 # dummy
3467 0 # dummy
3468 0 # dummy
3469 0 # dummy
3470 0 # dummy
3471 0 # dummy
3472 0 # dummy
3473 0 # dummy
3474 0 # dummy
3475 0 # dummy
3476 0 # dummy
3477 0 # dummy
3478 0 # dummy
3479 0 # dummy
3480 0 # dummy
3481 0 # dummy
3482 0 # dummy
3483 0 # dummy
3484 0 # dummy
3485 0 # dummy
3486 0 # dummy
3487 0 # dummy
3488 0 # dummy
3489 0 # dummy
3490 0 # dummy
3491 0 # dummy
3492 0 # dummy
3493 0 # dummy
3494 0 # dummy
3495 0 # dummy
3496 0 # dummy
3497 0 # dummy
3498 0 # dummy
3499 0 # dummy
3500 0 # dummy
3501 0 # dummy
3502 0 # dummy
3503 0 # dummy
3504 0 # dummy
3505 0 # dummy
3506 0 # dummy
3507 0 # dummy
3508 0 # dummy
3509 0 # dummy
3510 0 # dummy
3511 0 # dummy
3512 0 # dummy
3513 0 # dummy
3514 0 # dummy
3515 0 # dummy
3516 0 # dummy
3517 0 # dummy
3518 0 # dummy
3519 0 # dummy
3520 0 # dummy
3521 0 # dummy
3522 0 # dummy
3523 0 # dummy
3524 0 # dummy
3525 0 # dummy
3526 0 # dummy
3527 0 # dummy
3528 0 # dummy
3529 0 # dummy
3530 0 # dummy
3531 0 # dummy
3532 0 # dummy
3533 0 # dummy
3534 0 # dummy
3535 0 # dummy
3536 0 # dummy
3537 0 # dummy
3538 0 # dummy
3539 0 # dummy
3540 0 # dummy
3541 0 # dummy
3542 0 # dummy
3543 0 # dummy
3544 0 # dummy
3545 0 # dummy
3546 0 # dummy
3547 0 # dummy
3548 0 # dummy
3549 0 # dummy
3550 0 # dummy
3551 0 # dummy
3552 0 # dummy
3553 0 # dummy
3554 0 # dummy
3555 0 # dummy
3556 0 # dummy
3557 0 # dummy
3558 0 # dummy
3559 0 # dummy
3560 0 # dummy
3561 0 # dummy
3562 0 # dummy
3563 0 # dummy
3564 0 # dummy
3565 0 # dummy
3566 0 # dummy
3567 0 # dummy
3568 0 # dummy
3569 0 # dummy
3570 0 # dummy
3571 0 # dummy
3572 0 # dummy
3573 0 # dummy
3574 0 # dummy
3575 0 # dummy
3576 0 # dummy
3577 0 # dummy
3578 0 # dummy
3579 0 # dummy
3580 0 # dummy
3581 0 # dummy
3582 0 # dummy
3583 0 # dummy
3584 0 # dummy
3585 0 # dummy
3586 0 # dummy
3587 0 # dummy
3588 0 # dummy
3589 0 # dummy
3590 0 # dummy
3591 0 # dummy
3592 0 # dummy
3593 0 # dummy
3594 0 # dummy
3595 0 # dummy
3596 0 # dummy
3597 0 # dummy
3598 0 # dummy
3599 0 # dummy
3600 0 # dummy
3601 0 # dummy
3602 0 # dummy
3603 0 # dummy
3604 0 # dummy
3605 0 # dummy
3606 0 # dummy
3607 0 # dummy
3608 0 # dummy
3609 0 # dummy
3610 0 # dummy
3611 0 # dummy
3612 0 # dummy
3613 0 # dummy
3614 0 # dummy
3615 0 # dummy
3616 0 # dummy
3617 0 # dummy
3618 0 # dummy
3619 0 # dummy
3620 0 # dummy
3621 0 # dummy
3622 0 # dummy
3623 0 # dummy
3624 0 # dummy
3625 0 # dummy
3626 0 # dummy
3627 0 # dummy
3628 0 # dummy
3629 0 # dummy
3630 0 # dummy
3631 0 # dummy
3632 0 # dummy
3633 0 # dummy
3634 0 # dummy
3635 0 # dummy
3636 0 # dummy
3637 0 # dummy
3638 0 # dummy
3639 0 # dummy
3640 0 # dummy
3641 0 # dummy
3642 0 # dummy
3643 0 # dummy
3644 0 # dummy
3645 0 # dummy
3646 0 # dummy
3647 0 # dummy
3648 0 # dummy
3649 0 # dummy
3650 0 # dummy
3651 0 # dummy
3652 0 # dummy
3653 0 # dummy
3654 0 # dummy
3655 0 # dummy
3656 0 # dummy
3657 0 # dummy
3658 0 # dummy
3659 0 # dummy
3660 0 # dummy
3661 0 # dummy
3662 0 # dummy
3663 0 # dummy
3664 0 # dummy
3665 0 # dummy
3666 0 # dummy
3667 0 # dummy
3668 0 # dummy
3669 0 # dummy
3670 0 # dummy
3671 0 # dummy
3672 0 # dummy
3673 0 # dummy
3674 0 # dummy
3675 0 # dummy
3676 0 # dummy
3677 0 # dummy
3678 0 # dummy
3679 0 # dummy
3680 0 # dummy
3681 0 # dummy
3682 0 # dummy
3683 0 # dummy
3684 0 # dummy
3685 0 # dummy
3686 0 # dummy
3687 0 # dummy
3688 0 # dummy
3689 0 # dummy
3690 0 # dummy
3691 0 # dummy
3692 0 # dummy
3693 0 # dummy
3694 0 # dummy
3695 0 # dummy
3696 0 # dummy
3697 0 # dummy
3698 0 # dummy
3699 0 # dummy
3700 0 # dummy
3701 0 # dummy
3702 0 # dummy
3703 0 # dummy
3704 0 # dummy
3705 0 # dummy
3706 0 # dummy
3707 0 # dummy
3708 0 # dummy
3709 0 # dummy
3710 0 # dummy
3711 0 # dummy
3712 0 # dummy
3713 0 # dummy
3714 0 # dummy
3715 0 # dummy
3716 0 # dummy
3717 0 # dummy
3718 0 # dummy
3719 0 # dummy
3720 0 # dummy
3721 0 # dummy
3722 0 # dummy
3723 0 # dummy
3724 0 # dummy
3725 0 # dummy
3726 0 # dummy
3727 0 # dummy
3728 0 # dummy
3729 0 # dummy
3730 0 # dummy
3731 0 # dummy
3732 0 # dummy
3733 0 # dummy
3734 0 # dummy
3735 0 # dummy
3736 0 # dummy
3737 0 # dummy
3738 0 # dummy
3739 0 # dummy
3740 0 # dummy
3741 0 # dummy
3742 0 # dummy
3743 0 # dummy
3744 0 # dummy
3745 0 # dummy
3746 0 # dummy
3747 0 # dummy
3748 0 # dummy
3749 0 # dummy
3750 0 # dummy
3751 0 # dummy
3752 0 # dummy
3753 0 # dummy
3754 0 # dummy
3755 0 # dummy
3756 0 # dummy
3757 0 # dummy
3758 0 # dummy
3759 0 # dummy
3760 0 # dummy
3761 0 # dummy
3762 0 # dummy
3763 0 # dummy
3764 0 # dummy
3765 0 # dummy
3766 0 # dummy
3767 0 # dummy
3768 0 # dummy
3769 0 # dummy
3770 0 # dummy
3771 0 # dummy
3772 0 # dummy
3773 0 # dummy
3774 0 # dummy
3775 0 # dummy
3776 0 # dummy
3777 0 # dummy
3778 0 # dummy
3779 0 # dummy
3780 0 # dummy
3781 0 # dummy
3782 0 # dummy
3783 0 # dummy
3784 0 # dummy
3785 0 # dummy
3786 0 # dummy
3787 0 # dummy
3788 0 # dummy
3789 0 # dummy
3790 0 # dummy
3791 0 # dummy
3792 0 # dummy
3793 0 # dummy
3794 0 # dummy
3795 0 # dummy
3796 0 # dummy
3797 0 # dummy
3798 0 # dummy
3799 0 # dummy
3800 0 # dummy
3801 0 # dummy
3802 0 # dummy
3803 0 # dummy
3804 0 # dummy
3805 0 # dummy
3806 0 # dummy
3807 0 # dummy
3808 0 # dummy
3809 0 # dummy
3810 0 # dummy
3811 0 # dummy
3812 0 # dummy
3813 0 # dummy
3814 0 # dummy
3815 0 # dummy
3816 0 # dummy
3817 0 # dummy
3818 0 # dummy
3819 0 # dummy
3820 0 # dummy
3821 0 # dummy
3822 0 # dummy
3823 0 # dummy
3824 0 # dummy
3825 0 # dummy
3826 0 # dummy
3827 0 # dummy
3828 0 # dummy
3829 0 # dummy
3830 0 # dummy
3831 0 # dummy
3832 0 # dummy
3833 0 # dummy
3834 0 # dummy
3835 0 # dummy
3836 0 # dummy
3837 0 # dummy
3838 0 # dummy
3839 0 # dummy
3840 0 # dummy
3841 0 # dummy
3842 0 # dummy
3843 0 # dummy
3844 0 # dummy
3845 0 # dummy
3846 0 # dummy
3847 0 # dummy
3848 0 # dummy
3849 0 # dummy
3850 0 # dummy
3851 0 # dummy
3852 0 # dummy
3853 0 # dummy
3854 0 # dummy
3855 0 # dummy
3856 0 # dummy
3857 0 # dummy
3858 0 # dummy
3859 0 # dummy
3860 0 # dummy
3861 0 # dummy
3862 0 # dummy
3863 0 # dummy
3864 0 # dummy
3865 0 # dummy
3866 0 # dummy
3867 0 # dummy
3868 0 # dummy
3869 0 # dummy
3870 0 # dummy
3871 0 # dummy
3872 0 # dummy
3873 0 # dummy
3874 0 # dummy
3875 0 # dummy
3876 0 # dummy
3877 0 # dummy
3878 0 # dummy
3879 0 # dummy
3880 0 # dummy
3881 0 # dummy
3882 0 # dummy
3883 0 # dummy
3884 0 # dummy
3885 0 # dummy
3886 0 # dummy
3887 0 # dummy
3888 0 # dummy
3889 0 # dummy
3890 0 # dummy
3891 0 # dummy
3892 0 # dummy
3893 0 # dummy
3894 0 # dummy
3895 0 # dummy
3896 0 # dummy
3897 0 # dummy
3898 0 # dummy
3899 0 # dummy
3900 0 # dummy
3901 0 # dummy
3902 0 # dummy
3903 0 # dummy
3904 0 # dummy
3905 0 # dummy
3906 0 # dummy
3907 0 # dummy
3908 0 # dummy
3909 0 # dummy
3910 0 # dummy
3911 0 # dummy
3912 0 # dummy
3913 0 # dummy
3914 0 # dummy
3915 0 # dummy
3916 0 # dummy
3917 0 # dummy
3918 0 # dummy
3919 0 # dummy
3920 0 # dummy
3921 0 # dummy
3922 0 # dummy
3923 0 # dummy
3924 0 # dummy
3925 0 # dummy
3926 0 # dummy
3927 0 # dummy
3928 0 # dummy
3929 0 # dummy
3930 0 # dummy
3931 0 # dummy
3932 0 # dummy
3933 0 # dummy
3934 0 # dummy
3935 0 # dummy
3936 0 # dummy
3937 0 # dummy
3938 0 # dummy
3939 0 # dummy
3940 0 # dummy
3941 0 # dummy
3942 0 # dummy
3943 0 # dummy
3944 0 # dummy
3945 0 # dummy
3946 0 # dummy
3947 0 # dummy
3948 0 # dummy
3949 0 # dummy
3950 0 # dummy
3951 0 # dummy
3952 0 # dummy
3953 0 # dummy
3954 0 # dummy
3955 0 # dummy
3956 0 # dummy
3957 0 # dummy
3958 0 # dummy
3959 0 # dummy
3960 0 # dummy
3961 0 # dummy
3962 0 # dummy
3963 0 # dummy
3964 0 # dummy
3965 0 # dummy
3966 0 # dummy
3967 0 # dummy
3968 0 # dummy
3969 0 # dummy
3970 0 # dummy
3971 0 # dummy
3972 0 # dummy
3973 0 # dummy
3974 0 # dummy
3975 0 # dummy
3976 0 # dummy
3977 0 # dummy
3978 0 # dummy
3979 0 # dummy
3980 0 # dummy
3981 0 # dummy
3982 0 # dummy
3983 0 # dummy
3984 0 # dummy
3985 0 # dummy
3986 0 # dummy
3987 0 # dummy
3988 0 # dummy
3989 0 # dummy
3990 0 # dummy
3991 0 # dummy
3992 0 # dummy
3993 0 # dummy
3994 0 # dummy
3995 0 # dummy
3996 0 # dummy
3997 0 # dummy
3998 0 # dummy
3999 0 # dummy
4000 0 # dummy
4001 0 # dummy
4002 0 # dummy
4003 0 # dummy
4004 0 # dummy
4005 0 # dummy
4006 0 # dummy
4007 0 # dummy
4008 0 # dummy
4009 0 # dummy
4010 0 # dummy
4011 0 # dummy
4012 0 # dummy
4013 0 # dummy
4014 0 # dummy
4015 0 # dummy
4016 0 # dummy
4017 0 # dummy
4018 0 # dummy
4019 0 # dummy
4020 0 # dummy
4021 0 # dummy
4022 0 # dummy
4023 0 # dummy
4024 0 # dummy
4025 0 # dummy
4026 0 # dummy
4027 0 # dummy
4028 0 # dummy
4029 0 # dummy
4030 0 # dummy
4031 0 # dummy
4032 0 # dummy
4033 0 # dummy
4034 0 # dummy
4035 0 # dummy
4036 0 # dummy
4037 0 # dummy
4038 0 # dummy
4039 0 # dummy
4040 0 # dummy
4041 0 # dummy
4042 0 # dummy
4043 0 # dummy
4044 0 # dummy
4045 0 # dummy
4046 0 # dummy
4047 0 # dummy
4048 0 # dummy
4049 0 # dummy
4050 0 # dummy
4051 0 # dummy
4052 0 # dummy
4053 0 # dummy
4054 0 # dummy
4055 0 # dummy
4056 0 # dummy
4057 0 # dummy
4058 0 # dummy
4059 0 # dummy
4060 0 # dummy
4061 0 # dummy
4062 0 # dummy
4063 0 # dummy
4064 0 # dummy
4065 0 # dummy
4066 0 # dummy
4067 0 # dummy
4068 0 # dummy
4069 0 # dummy
4070 0 # dummy
4071 0 # dummy
4072 0 # dummy
4073 0 # dummy
4074 0 # dummy
4075 0 # dummy
4076 0 # dummy
4077 0 # dummy
4078 0 # dummy
4079 0 # dummy
4080 0 # dummy
4081 0 # dummy
4082 0 # dummy
4083 0 # dummy
4084 0 # dummy
4085 0 # dummy
4086 0 # dummy
4087 0 # dummy
4088 0 # dummy
4089 0 # dummy
4090 0 # dummy
4091 0 # dummy
4092 0 # dummy
4093 0 # dummy
4094 0 # dummy
4095 0 # dummy
